0 19 23 291 35 247 16 12 3 18 275 20 303 0 0 0 2 1 1 2 4 0 4 4 0 3 7 0 0 0 0 0 0 0 0 0 0 0 0 0 0 0 0 0 0 1 0 0 1 0 0 0 0 0 0 0 0 0 0 0 0 0 0 0 0 0 0 0 0 0 0 0 0 0 0 0 0 0 0 0 0 
19 0 174 232 171 192 29 6 11 132 243 170 252 1 0 0 3 1 2 3 0 0 3 5 1 2 5 4 0 5 1 1 0 2 0 0 0 0 0 0 0 0 0 0 0 0 0 0 0 0 0 0 0 0 0 0 0 0 0 0 0 0 0 0 0 1 0 0 0 0 0 0 0 0 0 0 0 1 1 0 0 
23 174 0 2 128 6 33 0 12 133 28 168 19 0 0 0 2 0 1 0 2 0 0 0 1 0 2 0 0 0 0 0 0 0 0 0 0 1 0 1 0 0 0 0 0 0 0 0 0 0 0 0 0 1 0 0 0 0 0 0 0 0 0 0 0 0 0 0 0 0 0 0 0 0 0 0 0 0 0 0 0 
291 232 2 0 75 435 19 12 2 3 506 11 535 1 0 0 9 1 1 4 3 0 3 4 2 3 7 0 1 4 0 0 1 0 0 0 0 0 0 0 0 0 0 0 0 0 0 0 0 0 0 0 0 0 0 0 0 0 0 0 0 0 0 0 0 0 0 0 0 0 0 0 0 0 0 0 0 0 0 0 0 
35 171 128 75 0 0 0 0 0 127 71 129 73 0 0 0 2 0 0 0 1 0 0 0 0 0 2 0 0 0 0 0 0 0 0 0 0 0 0 0 0 0 0 0 0 0 0 0 0 0 0 0 0 0 0 0 0 0 0 0 0 0 0 0 0 0 0 0 0 0 0 0 0 0 0 0 0 0 0 0 0 
247 192 6 435 0 0 0 0 0 5 426 6 439 0 0 2 12 1 1 2 2 2 1 6 0 0 11 0 1 4 0 0 0 1 0 0 0 0 0 0 0 0 0 0 0 0 0 0 0 0 0 0 0 0 0 0 0 0 0 0 0 0 0 0 0 0 0 0 0 0 0 0 0 0 0 0 0 0 0 0 0 
16 29 33 19 0 0 0 0 0 2 21 42 19 0 0 0 2 0 0 2 1 0 0 0 0 0 0 0 0 2 0 0 0 0 0 0 0 0 0 0 0 0 0 0 0 0 0 0 0 0 0 0 0 0 0 0 0 0 0 0 0 0 0 0 0 0 0 0 0 0 0 0 0 0 0 0 0 0 0 0 0 
12 6 0 12 0 0 0 0 1 24 11 6 29 0 0 1 9 0 3 4 6 4 1 3 1 0 7 1 0 4 0 0 0 2 0 0 0 0 0 0 0 0 0 0 0 0 0 0 0 0 0 0 0 0 0 0 0 0 0 0 0 0 0 0 0 0 0 0 0 0 0 0 0 0 0 0 0 0 0 0 0 
3 11 12 2 0 0 0 1 0 1 3 15 1 0 0 0 0 0 0 0 0 0 0 0 0 0 0 0 0 0 0 0 0 0 0 0 0 0 0 0 0 0 0 0 0 0 0 0 0 0 0 0 0 0 0 0 0 0 0 0 0 0 0 0 0 0 0 0 0 0 0 0 0 0 0 0 0 0 0 0 0 
18 132 133 3 127 5 2 24 1 0 6 127 27 0 0 4 11 2 7 7 9 7 6 7 0 1 0 0 0 9 0 1 2 1 0 0 0 0 0 0 0 0 0 0 0 0 0 0 0 0 0 0 0 2 0 0 0 0 0 0 0 0 0 0 0 0 0 0 0 0 0 0 0 0 0 0 0 0 0 0 0 
275 243 28 506 71 426 21 11 3 6 0 26 516 0 0 1 5 1 8 4 3 2 4 3 3 0 0 0 0 3 0 0 0 0 0 0 0 0 0 0 0 0 0 0 0 0 0 0 0 0 0 0 0 0 0 0 1 0 0 0 0 0 0 0 0 0 0 0 0 0 0 0 1 0 1 0 0 1 0 0 0 
20 170 168 11 129 6 42 6 15 127 26 0 3 0 0 1 5 2 1 1 2 3 5 4 2 0 8 1 0 0 0 1 1 1 0 0 0 0 0 0 0 0 0 0 1 0 0 0 1 0 0 0 0 0 0 0 0 0 0 0 0 0 0 0 0 0 0 0 0 0 0 1 0 0 0 0 0 0 0 0 0 
303 252 19 535 73 439 19 29 1 27 516 3 0 1 0 2 15 5 1 10 8 6 13 6 4 3 19 1 2 2 0 0 0 0 0 0 0 0 0 0 0 0 0 0 0 0 0 0 0 0 0 0 0 0 0 1 0 0 0 0 0 0 0 0 0 0 0 0 0 0 0 0 0 0 0 0 0 0 0 0 0 
0 1 0 1 0 0 0 0 0 0 0 0 1 0 0 0 21 1 62 32 27 24 19 1 19 3 22 39 8 8 61 73 19 2 0 0 0 0 0 0 1 0 0 0 0 0 0 0 0 0 0 0 0 1 1 0 0 0 0 0 0 0 1 0 0 4 0 0 0 1 0 0 6 10 0 2 3 2 4 1 0 
0 0 0 0 0 0 0 0 0 0 0 0 0 0 0 1 2 3 12 5 10 4 3 0 2 5 9 15 0 3 14 17 18 0 0 1 0 0 0 0 0 0 0 0 0 0 0 0 0 0 1 1 1 2 0 0 0 0 0 0 0 0 2 0 0 5 0 0 0 0 0 0 2 10 0 0 6 2 5 7 1 
0 0 0 0 0 2 0 1 0 4 1 1 2 0 1 0 18 0 12 3 3 15 13 12 10 4 7 8 3 13 0 1 1 7 2 1 6 2 6 3 1 0 0 1 1 2 2 1 1 2 0 9 9 8 0 2 2 2 2 1 0 1 1 2 0 1 2 0 5 2 3 2 1 0 1 1 0 1 1 2 0 
2 3 2 9 2 12 2 9 0 11 5 5 15 21 2 18 0 0 57 31 47 82 106 91 79 10 86 40 7 114 14 19 10 63 0 0 0 0 0 0 0 0 0 0 1 0 0 0 1 1 0 1 0 0 1 0 1 0 0 0 0 0 0 0 0 2 0 0 0 0 0 0 2 1 0 0 0 1 0 0 0 
1 1 0 1 0 1 0 0 0 2 1 2 5 1 3 0 0 0 4 3 5 4 5 5 0 5 7 0 1 9 0 1 0 1 0 1 0 0 0 0 0 0 0 0 0 0 0 0 0 0 0 0 0 0 0 0 0 0 0 0 0 0 0 0 0 0 3 1 2 3 3 3 0 0 0 0 0 0 0 0 0 
1 2 1 1 0 1 0 3 0 7 8 1 1 62 12 12 57 4 0 56 73 56 67 46 56 19 66 52 13 75 57 80 21 18 0 6 3 2 1 5 1 0 0 2 0 0 1 0 0 0 0 1 2 5 2 2 2 3 2 2 0 0 0 0 0 4 0 3 2 2 1 0 3 8 1 3 3 0 2 2 2 
2 3 0 4 0 2 2 4 0 7 4 1 10 32 5 3 31 3 56 0 2 30 47 26 31 7 45 21 4 27 24 33 6 6 0 1 1 1 0 0 0 1 0 0 0 0 0 0 1 1 0 1 1 4 2 0 1 0 0 1 1 1 0 0 0 1 0 0 0 0 1 0 2 1 0 1 1 1 1 1 0 
4 0 2 3 1 2 1 6 0 9 3 2 8 27 10 3 47 5 73 2 0 41 60 29 33 7 41 28 6 39 25 36 11 10 2 4 0 2 2 4 4 2 0 0 0 0 0 0 1 0 1 2 1 3 1 4 0 1 2 1 1 1 0 1 1 2 0 0 1 3 1 0 0 5 0 0 0 1 3 2 1 
0 0 0 0 0 2 0 4 0 7 2 3 6 24 4 15 82 4 56 30 41 0 76 43 45 7 37 4 0 63 24 31 14 32 0 2 2 2 1 1 2 1 0 0 2 1 2 0 1 0 1 1 1 4 1 1 1 1 2 2 1 1 1 1 1 1 0 0 1 1 1 0 2 6 3 1 0 0 2 4 1 
4 3 0 3 0 1 0 1 0 6 4 5 13 19 3 13 106 5 67 47 60 76 0 77 74 11 107 32 10 71 6 17 6 46 1 6 1 1 1 2 1 0 0 1 0 1 1 0 2 1 2 3 0 2 3 1 2 0 0 0 0 0 0 0 0 1 0 2 1 1 1 0 1 0 0 0 0 2 1 2 0 
4 5 0 4 0 6 0 3 0 7 3 4 6 1 0 12 91 5 46 26 29 43 77 0 43 7 74 29 6 117 4 8 4 55 0 1 0 0 1 1 1 0 0 1 1 2 1 0 1 0 4 0 1 1 3 0 2 0 0 0 0 0 0 0 0 0 0 2 1 1 0 0 0 0 0 0 0 0 0 0 0 
0 1 1 2 0 0 0 1 0 0 3 2 4 19 2 10 79 0 56 31 33 45 74 43 0 0 72 18 5 62 9 17 7 19 1 0 1 0 2 2 0 1 0 1 1 0 0 0 1 0 1 0 0 1 1 1 0 0 0 0 0 0 0 0 0 0 0 1 0 2 0 0 0 1 0 0 0 1 1 0 0 
3 2 0 3 0 0 0 0 0 1 0 0 3 3 5 4 10 5 19 7 7 7 11 7 0 0 10 2 3 14 2 3 2 5 1 3 1 0 1 0 0 0 0 0 0 1 1 1 0 0 2 3 4 2 2 0 1 1 1 0 0 0 0 0 0 0 0 0 1 1 1 0 0 1 0 0 1 0 1 0 0 
7 5 2 7 2 11 0 7 0 0 0 8 19 22 9 7 86 7 66 45 41 37 107 74 72 10 0 16 10 89 11 21 11 17 0 0 1 2 0 5 0 1 0 1 0 0 1 0 1 0 1 0 0 4 1 1 0 1 1 1 1 1 0 0 0 6 0 0 0 0 0 0 5 3 2 3 2 2 1 4 1 
0 4 0 0 0 0 0 1 0 0 0 1 1 39 15 8 40 0 52 21 28 4 32 29 18 2 16 0 0 33 36 45 11 36 0 0 0 0 1 0 0 0 0 1 0 0 1 0 2 0 3 0 0 1 1 0 0 0 0 0 0 0 0 0 0 3 0 0 1 1 1 0 1 7 4 0 2 2 5 4 0 
0 0 0 1 0 1 0 0 0 0 0 0 2 8 0 3 7 1 13 4 6 0 10 6 5 3 10 0 0 7 3 4 3 5 0 0 0 0 0 1 0 0 0 1 1 1 0 2 0 1 1 0 0 0 1 1 0 0 0 0 0 0 1 1 0 3 1 1 4 1 0 1 4 4 2 0 0 0 2 0 0 
0 5 0 4 0 4 2 4 0 9 3 0 2 8 3 13 114 9 75 27 39 63 71 117 62 14 89 33 7 0 1 2 2 55 0 2 0 0 0 3 0 1 0 0 0 0 0 0 1 0 2 1 2 2 1 1 1 1 1 1 1 0 1 1 0 0 0 1 2 2 1 0 0 0 0 0 0 0 0 0 0 
0 1 0 0 0 0 0 0 0 0 0 0 0 61 14 0 14 0 57 24 25 24 6 4 9 2 11 36 3 1 0 92 23 0 0 0 0 0 0 0 0 0 0 0 0 0 0 0 0 0 0 0 0 0 0 0 0 0 0 1 0 0 0 0 0 12 0 0 0 0 0 0 6 24 0 0 2 4 1 3 0 
0 1 0 0 0 0 0 0 0 1 0 1 0 73 17 1 19 1 80 33 36 31 17 8 17 3 21 45 4 2 92 0 38 0 0 0 0 0 0 0 0 0 0 0 0 0 0 0 0 0 0 0 0 0 0 0 0 0 0 1 0 0 0 0 0 12 0 0 0 0 0 0 7 20 3 1 3 4 6 2 1 
0 0 0 1 0 0 0 0 0 2 0 1 0 19 18 1 10 0 21 6 11 14 6 4 7 2 11 11 3 2 23 38 0 1 0 0 0 0 0 0 0 0 0 0 0 0 0 0 0 0 0 0 0 1 0 0 0 2 3 4 2 1 0 0 0 22 0 0 1 0 0 0 1 27 14 9 14 16 24 9 3 
0 2 0 0 0 1 0 2 0 1 0 1 0 2 0 7 63 1 18 6 10 32 46 55 19 5 17 36 5 55 0 0 1 0 0 3 3 3 0 3 0 0 0 4 0 4 1 1 8 4 6 0 1 2 1 3 1 1 1 0 0 0 1 1 0 0 0 2 5 3 0 0 0 0 0 0 0 0 0 0 0 
0 0 0 0 0 0 0 0 0 0 0 0 0 0 0 2 0 0 0 0 2 0 1 0 1 1 0 0 0 0 0 0 0 0 0 8 3 10 6 6 9 0 2 0 1 1 0 0 0 0 1 3 0 11 2 3 1 0 0 0 0 0 1 1 0 0 0 2 3 2 2 0 0 0 0 0 0 0 0 1 0 
0 0 0 0 0 0 0 0 0 0 0 0 0 0 1 1 0 1 6 1 4 2 6 1 0 3 0 0 0 2 0 0 0 3 8 0 6 10 0 7 5 0 0 8 3 6 4 3 8 2 24 2 3 12 10 8 8 1 1 0 0 0 2 0 0 0 1 20 10 3 2 2 0 1 0 0 0 0 0 0 0 
0 0 0 0 0 0 0 0 0 0 0 0 0 0 0 6 0 0 3 1 0 2 1 0 1 1 1 0 0 0 0 0 0 3 3 6 0 22 24 18 8 4 2 1 0 4 1 1 0 1 1 0 2 12 8 9 1 0 0 0 0 1 1 2 3 0 0 4 5 7 1 0 1 0 0 0 0 0 0 0 0 
0 0 1 0 0 0 0 0 0 0 0 0 0 0 0 2 0 0 2 1 2 2 1 0 0 0 2 0 0 0 0 0 0 3 10 10 22 0 23 21 14 3 0 2 0 1 0 0 4 1 6 4 6 25 9 9 6 1 0 0 0 1 1 1 4 0 0 3 7 7 1 1 0 0 0 0 0 0 0 0 0 
0 0 0 0 0 0 0 0 0 0 0 0 0 0 0 6 0 0 1 0 2 1 1 1 2 1 0 1 0 0 0 0 0 0 6 0 24 23 0 11 11 8 2 0 0 2 0 0 0 1 0 0 0 18 9 10 2 2 4 1 0 0 0 0 1 0 0 1 7 1 1 0 0 0 0 0 0 0 0 0 0 
0 0 1 0 0 0 0 0 0 0 0 0 0 0 0 3 0 0 5 0 4 1 2 1 2 0 5 0 1 3 0 0 0 3 6 7 18 21 11 0 10 7 2 2 1 1 0 0 0 1 1 1 2 15 9 8 4 3 2 0 0 1 0 0 0 0 0 2 9 5 0 1 1 0 0 0 0 0 0 0 0 
0 0 0 0 0 0 0 0 0 0 0 0 0 1 0 1 0 0 1 0 4 2 1 1 0 0 0 0 0 0 0 0 0 0 9 5 8 14 11 10 0 5 2 1 0 4 0 1 1 1 1 3 2 19 8 10 0 1 1 1 0 0 2 2 4 0 0 1 4 4 2 1 1 1 0 0 0 0 0 0 0 
0 0 0 0 0 0 0 0 0 0 0 0 0 0 0 0 0 0 0 1 2 1 0 0 1 0 1 0 0 1 0 0 0 0 0 0 4 3 8 7 5 0 2 1 0 2 1 1 0 1 0 0 0 4 4 1 1 0 1 1 0 0 0 0 0 0 1 0 4 3 0 1 0 0 0 0 0 0 0 0 0 
0 0 0 0 0 0 0 0 0 0 0 0 0 0 0 0 0 0 0 0 0 0 0 0 0 0 0 0 0 0 0 0 0 0 2 0 2 0 2 2 2 2 0 0 0 0 0 0 0 0 0 0 0 4 0 1 0 1 1 0 0 1 0 0 0 0 0 0 2 0 0 0 0 0 0 0 0 0 0 0 0 
0 0 0 0 0 0 0 0 0 0 0 0 0 0 0 1 0 0 2 0 0 0 1 1 1 0 1 1 1 0 0 0 0 4 0 8 1 2 0 2 1 1 0 0 2 6 18 3 18 5 9 0 1 1 5 3 5 0 0 0 0 2 2 1 2 0 2 6 10 5 2 3 0 0 0 0 0 0 0 0 0 
0 0 0 0 0 0 0 0 0 0 0 1 0 0 0 1 1 0 0 0 0 2 0 1 1 0 0 0 1 0 0 0 0 0 1 3 0 0 0 1 0 0 0 2 0 15 36 3 9 18 17 0 0 0 1 6 5 0 0 0 0 0 0 0 0 0 3 4 17 12 1 6 0 0 0 0 0 0 0 0 0 
1 0 0 0 0 0 0 0 0 0 0 0 0 0 0 2 0 0 0 0 0 1 1 2 0 1 0 0 1 0 0 0 0 4 1 6 4 1 2 1 4 2 0 6 15 0 26 8 16 8 10 0 1 6 5 13 2 0 1 0 1 1 1 1 0 0 0 2 12 11 1 1 1 1 0 0 0 1 0 0 0 
0 0 0 0 0 0 0 0 0 0 0 0 0 0 0 2 0 0 1 0 0 2 1 1 0 1 1 1 0 0 0 0 0 1 0 4 1 0 0 0 0 1 0 18 36 26 0 7 18 17 18 0 1 3 1 10 6 0 0 0 0 0 2 1 0 0 4 5 21 19 2 4 1 1 0 0 0 0 0 0 0 
0 0 0 0 0 0 0 0 0 0 0 0 0 0 0 1 0 0 0 0 0 0 0 0 0 1 0 0 2 0 0 0 0 1 0 3 1 0 0 0 1 1 0 3 3 8 7 0 5 2 6 0 0 2 1 3 2 0 0 0 0 0 1 0 0 0 0 2 5 4 0 1 0 0 0 0 0 0 0 0 0 
1 0 0 0 0 0 0 0 0 0 0 1 0 0 0 1 1 0 0 1 1 1 2 1 1 0 1 2 0 1 0 0 0 8 0 8 0 4 0 0 1 0 0 18 9 16 18 5 0 6 16 0 1 0 1 2 6 1 1 0 0 0 3 3 1 0 2 4 16 6 1 2 0 0 0 0 0 0 0 0 0 
0 0 0 0 0 0 0 0 0 0 0 0 0 0 0 2 1 0 0 1 0 0 1 0 0 0 0 0 1 0 0 0 0 4 0 2 1 1 1 1 1 1 0 5 18 8 17 2 6 0 9 1 1 3 2 6 2 2 3 2 1 0 1 0 0 0 1 1 7 4 1 3 2 0 0 0 0 0 0 0 0 
0 0 0 0 0 0 0 0 0 0 0 0 0 0 1 0 0 0 0 0 1 1 2 4 1 2 1 3 1 2 0 0 0 6 1 24 1 6 0 1 1 0 0 9 17 10 18 6 16 9 0 0 1 4 9 4 6 0 0 0 0 1 2 1 0 0 4 12 19 8 1 3 0 1 0 0 0 0 0 0 0 
0 0 0 0 0 0 0 0 0 0 0 0 0 0 1 9 1 0 1 1 2 1 3 0 0 3 0 0 0 1 0 0 0 0 3 2 0 4 0 1 3 0 0 0 0 0 0 0 0 1 0 0 31 24 10 0 7 2 1 2 0 0 2 0 0 0 0 0 0 0 1 0 0 0 0 0 0 0 0 0 0 
0 0 0 0 0 0 0 0 0 0 0 0 0 0 1 9 0 0 2 1 1 1 0 1 0 4 0 0 0 2 0 0 0 1 0 3 2 6 0 2 2 0 0 1 0 1 1 0 1 1 1 31 0 27 10 2 4 2 4 1 0 0 1 0 0 0 0 0 0 1 1 0 0 0 0 0 0 0 0 0 0 
0 0 1 0 0 0 0 0 0 2 0 0 0 1 2 8 0 0 5 4 3 4 2 1 1 2 4 1 0 2 0 0 1 2 11 12 12 25 18 15 19 4 4 1 0 6 3 2 0 3 4 24 27 0 18 20 5 8 5 0 3 1 3 2 0 0 0 4 1 4 4 0 0 0 0 0 0 1 0 0 0 
0 0 0 0 0 0 0 0 0 0 0 0 0 1 0 0 1 0 2 2 1 1 3 3 1 2 1 1 1 1 0 0 0 1 2 10 8 9 9 9 8 4 0 5 1 5 1 1 1 2 9 10 10 18 0 13 8 5 5 5 1 1 0 0 0 0 0 7 2 5 3 0 1 0 0 0 0 0 0 0 0 
0 0 0 0 0 0 0 0 0 0 0 0 1 0 0 2 0 0 2 0 4 1 1 0 1 0 1 0 1 1 0 0 0 3 3 8 9 9 10 8 10 1 1 3 6 13 10 3 2 6 4 0 2 20 13 0 4 10 9 10 4 2 7 9 0 1 0 2 8 5 3 0 3 1 0 1 1 1 0 1 0 
0 0 0 0 0 0 0 0 0 0 1 0 0 0 0 2 1 0 2 1 0 1 2 2 0 1 0 0 0 1 0 0 0 1 1 8 1 6 2 4 0 1 0 5 5 2 6 2 6 2 6 7 4 5 8 4 0 4 1 0 4 3 8 6 2 0 2 6 8 3 6 1 2 0 0 1 0 0 0 1 1 
0 0 0 0 0 0 0 0 0 0 0 0 0 0 0 2 0 0 3 0 1 1 0 0 0 1 1 0 0 1 0 0 2 1 0 1 0 1 2 3 1 0 1 0 0 0 0 0 1 2 0 2 2 8 5 10 4 0 38 30 17 10 3 3 0 0 0 0 3 2 0 0 0 0 0 0 0 0 0 0 0 
0 0 0 0 0 0 0 0 0 0 0 0 0 0 0 2 0 0 2 0 2 2 0 0 0 1 1 0 0 1 0 0 3 1 0 1 0 0 4 2 1 1 1 0 0 1 0 0 1 3 0 1 4 5 5 9 1 38 0 43 26 12 0 0 0 0 0 1 4 1 0 0 0 0 0 0 0 0 0 0 0 
0 0 0 0 0 0 0 0 0 0 0 0 0 0 0 1 0 0 2 1 1 2 0 0 0 0 1 0 0 1 1 1 4 0 0 0 0 0 1 0 1 1 0 0 0 0 0 0 0 2 0 2 1 0 5 10 0 30 43 0 24 12 0 1 0 0 0 1 4 3 0 0 0 1 0 0 0 0 0 0 0 
0 0 0 0 0 0 0 0 0 0 0 0 0 0 0 0 0 0 0 1 1 1 0 0 0 0 1 0 0 1 0 0 2 0 0 0 0 0 0 0 0 0 0 0 0 1 0 0 0 1 0 0 0 3 1 4 4 17 26 24 0 12 9 7 2 0 0 0 1 0 1 0 0 0 0 0 0 0 0 0 0 
0 0 0 0 0 0 0 0 0 0 0 0 0 0 0 1 0 0 0 1 1 1 0 0 0 0 1 0 0 0 0 0 1 0 0 0 1 1 0 1 0 0 1 2 0 1 0 0 0 0 1 0 0 1 1 2 3 10 12 12 12 0 9 7 5 0 0 0 0 0 2 1 0 0 0 0 0 0 0 0 0 
0 0 0 0 0 0 0 0 0 0 0 0 0 1 2 1 0 0 0 0 0 1 0 0 0 0 0 0 1 1 0 0 0 1 1 2 1 1 0 0 2 0 0 2 0 1 2 1 3 1 2 2 1 3 0 7 8 3 0 0 9 9 0 30 3 0 0 1 3 3 1 0 0 1 0 0 0 0 0 0 0 
0 0 0 0 0 0 0 0 0 0 0 0 0 0 0 2 0 0 0 0 1 1 0 0 0 0 0 0 1 1 0 0 0 1 1 0 2 1 0 0 2 0 0 1 0 1 1 0 3 0 1 0 0 2 0 9 6 3 0 1 7 7 30 0 2 0 0 0 2 4 1 0 0 1 0 0 0 0 0 0 0 
0 0 0 0 0 0 0 0 0 0 0 0 0 0 0 0 0 0 0 0 1 1 0 0 0 0 0 0 0 0 0 0 0 0 0 0 3 4 1 0 4 0 0 2 0 0 0 0 1 0 0 0 0 0 0 0 2 0 0 0 2 5 3 2 0 0 0 0 0 2 2 1 0 0 0 0 0 0 0 0 0 
0 1 0 0 0 0 0 0 0 0 0 0 0 4 5 1 2 0 4 1 2 1 1 0 0 0 6 3 3 0 12 12 22 0 0 0 0 0 0 0 0 0 0 0 0 0 0 0 0 0 0 0 0 0 0 1 0 0 0 0 0 0 0 0 0 0 0 0 0 0 0 0 41 23 35 35 22 22 16 23 21 
0 0 0 0 0 0 0 0 0 0 0 0 0 0 0 2 0 3 0 0 0 0 0 0 0 0 0 0 1 0 0 0 0 0 0 1 0 0 0 0 0 1 0 2 3 0 4 0 2 1 4 0 0 0 0 0 2 0 0 0 0 0 0 0 0 0 0 1 5 7 8 10 0 0 0 0 0 0 0 0 0 
0 0 0 0 0 0 0 0 0 0 0 0 0 0 0 0 0 1 3 0 0 0 2 2 1 0 0 0 1 1 0 0 0 2 2 20 4 3 1 2 1 0 0 6 4 2 5 2 4 1 12 0 0 4 7 2 6 0 1 1 0 0 1 0 0 0 1 0 13 6 3 6 1 1 0 0 0 1 0 0 0 
0 0 0 0 0 0 0 0 0 0 0 0 0 0 0 5 0 2 2 0 1 1 1 1 0 1 0 1 4 2 0 0 1 5 3 10 5 7 7 9 4 4 2 10 17 12 21 5 16 7 19 0 0 1 2 8 8 3 4 4 1 0 3 2 0 0 5 13 0 14 4 6 0 0 0 0 0 0 0 0 0 
0 0 0 0 0 0 0 0 0 0 0 0 0 1 0 2 0 3 2 0 3 1 1 1 2 1 0 1 1 2 0 0 0 3 2 3 7 7 1 5 4 3 0 5 12 11 19 4 6 4 8 0 1 4 5 5 3 2 1 3 0 0 3 4 2 0 7 6 14 0 10 12 1 2 0 0 0 0 0 0 0 
0 0 0 0 0 0 0 0 0 0 0 0 0 0 0 3 0 3 1 1 1 1 1 0 0 1 0 1 0 1 0 0 0 0 2 2 1 1 1 0 2 0 0 2 1 1 2 0 1 1 1 1 1 4 3 3 6 0 0 0 1 2 1 1 2 0 8 3 4 10 0 8 0 0 0 0 0 0 0 0 0 
0 0 0 0 0 0 0 0 0 0 0 1 0 0 0 2 0 3 0 0 0 0 0 0 0 0 0 0 1 0 0 0 0 0 0 2 0 1 0 1 1 1 0 3 6 1 4 1 2 3 3 0 0 0 0 0 1 0 0 0 0 1 0 0 1 0 10 6 6 12 8 0 0 1 0 0 0 0 0 1 0 
0 0 0 0 0 0 0 0 0 0 1 0 0 6 2 1 2 0 3 2 0 2 1 0 0 0 5 1 4 0 6 7 1 0 0 0 1 0 0 1 1 0 0 0 0 1 1 0 0 2 0 0 0 0 1 3 2 0 0 0 0 0 0 0 0 41 0 1 0 1 0 0 0 19 97 102 42 33 30 35 82 
0 0 0 0 0 0 0 0 0 0 0 0 0 10 10 0 1 0 8 1 5 6 0 0 1 1 3 7 4 0 24 20 27 0 0 1 0 0 0 0 1 0 0 0 0 1 1 0 0 0 1 0 0 0 0 1 0 0 0 1 0 0 1 1 0 23 0 1 0 2 0 1 19 0 10 3 5 1 32 11 0 
0 0 0 0 0 0 0 0 0 0 1 0 0 0 0 1 0 0 1 0 0 3 0 0 0 0 2 4 2 0 0 3 14 0 0 0 0 0 0 0 0 0 0 0 0 0 0 0 0 0 0 0 0 0 0 0 0 0 0 0 0 0 0 0 0 35 0 0 0 0 0 0 97 10 0 83 31 30 38 25 88 
0 0 0 0 0 0 0 0 0 0 0 0 0 2 0 1 0 0 3 1 0 1 0 0 0 0 3 0 0 0 0 1 9 0 0 0 0 0 0 0 0 0 0 0 0 0 0 0 0 0 0 0 0 0 0 1 1 0 0 0 0 0 0 0 0 35 0 0 0 0 0 0 102 3 83 0 45 11 10 37 86 
0 0 0 0 0 0 0 0 0 0 0 0 0 3 6 0 0 0 3 1 0 0 0 0 0 1 2 2 0 0 2 3 14 0 0 0 0 0 0 0 0 0 0 0 0 0 0 0 0 0 0 0 0 0 0 1 0 0 0 0 0 0 0 0 0 22 0 0 0 0 0 0 42 5 31 45 0 22 17 31 18 
0 1 0 0 0 0 0 0 0 0 1 0 0 2 2 1 1 0 0 1 1 0 2 0 1 0 2 2 0 0 4 4 16 0 0 0 0 0 0 0 0 0 0 0 0 1 0 0 0 0 0 0 0 1 0 1 0 0 0 0 0 0 0 0 0 22 0 1 0 0 0 0 33 1 30 11 22 0 28 19 2 
0 1 0 0 0 0 0 0 0 0 0 0 0 4 5 1 0 0 2 1 3 2 1 0 1 1 1 5 2 0 1 6 24 0 0 0 0 0 0 0 0 0 0 0 0 0 0 0 0 0 0 0 0 0 0 0 0 0 0 0 0 0 0 0 0 16 0 0 0 0 0 0 30 32 38 10 17 28 0 16 7 
0 0 0 0 0 0 0 0 0 0 0 0 0 1 7 2 0 0 2 1 2 4 2 0 0 0 4 4 0 0 3 2 9 0 1 0 0 0 0 0 0 0 0 0 0 0 0 0 0 0 0 0 0 0 0 1 1 0 0 0 0 0 0 0 0 23 0 0 0 0 0 1 35 11 25 37 31 19 16 0 23 
0 0 0 0 0 0 0 0 0 0 0 0 0 0 1 0 0 0 2 0 1 1 0 0 0 0 1 0 0 0 0 1 3 0 0 0 0 0 0 0 0 0 0 0 0 0 0 0 0 0 0 0 0 0 0 0 1 0 0 0 0 0 0 0 0 21 0 0 0 0 0 0 82 0 88 86 18 2 7 23 0 
